/* DATA DESCRIPTION:
Citation:	Müller, Peter J (2004): Density and water content of sediment core GeoB6425-2. Department of Geosciences, Bremen University, PANGAEA, https://doi.org/10.1594/PANGAEA.138380
Project(s):	Center for Marine Environmental Sciences (MARUM) (URI: http://www.marum.de/en/)
	Geosciences, University of Bremen (GeoB) (URI: http://www.geo.uni-bremen.de/page.php?langid=EN)
Coverage:	LATITUDE: -33.825200 * LONGITUDE: -23.587300
	DATE/TIME START: 2000-03-02T08:02:00 * DATE/TIME END: 2000-03-02T08:02:00
	MINIMUM DEPTH, sediment/rock: 0.03 m * MAXIMUM DEPTH, sediment/rock: 10.68 m
Event(s):	GeoB6425-2 * LATITUDE: -33.825200 * LONGITUDE: -23.587300 * DATE/TIME: 2000-03-02T08:02:00 * ELEVATION: -4352.0 m * Recovery: 10.89 m * LOCATION: Central South Atlantic * CAMPAIGN: M46/4 (URI: https://doi.org/10.2312/cr_m46) * BASIS: Meteor (1986) (URI: https://de.wikipedia.org/wiki/Meteor_(Schiff,_1986)) * METHOD/DEVICE: Gravity corer (Kiel type) (SL) * COMMENT: geology and geophysics, CTD at 50 m
Parameter(s):	DEPTH, sediment/rock [m] (Depth) * GEOCODE
	Water content, wet mass [%] (Water wm) * PI: Müller, Peter J * METHOD/DEVICE: Calculated from weight/volume
	Porosity [% vol] (Poros) * PI: Müller, Peter J * METHOD/DEVICE: Calculated from weight/volume
	Density, dry bulk [g/cm**3] (DBD) * PI: Müller, Peter J * METHOD/DEVICE: Calculated from weight/volume
	Density, wet bulk [g/cm**3] (WBD) * PI: Müller, Peter J * METHOD/DEVICE: Calculated from weight/volume
License:	Creative Commons Attribution 3.0 Unported (CC-BY-3.0)
Size:	856 data points
*/
Depth [m]	Water wm [%]	Poros [% vol]	DBD [g/cm**3]	WBD [g/cm**3]
0.03	47.1	68.9	0.79	1.50
0.08	46.2	69.2	0.83	1.54
0.13	47.0	71.0	0.82	1.55
0.18	48.5	71.7	0.78	1.52
0.23	50.6	72.8	0.73	1.47
0.28	48.5	71.9	0.78	1.52
0.33	48.0	70.5	0.78	1.50
0.38	47.1	69.9	0.80	1.52
0.43	47.3	70.7	0.81	1.53
0.48	47.1	69.5	0.80	1.51
0.53	48.2	71.5	0.79	1.52
0.58	48.3	69.8	0.77	1.48
0.63	49.8	73.0	0.75	1.50
0.68	53.5	77.0	0.69	1.48
0.73	53.3	76.1	0.68	1.47
0.78	51.5	73.1	0.70	1.45
0.83	49.7	71.4	0.74	1.47
0.88	49.8	71.4	0.74	1.47
0.93	49.9	70.0	0.72	1.44
0.98	48.3	71.1	0.78	1.51
1.03	48.2	70.5	0.78	1.50
1.08	49.7	71.1	0.74	1.47
1.13	49.3	74.1	0.78	1.54
1.18	47.2	70.6	0.81	1.53
1.23	47.1	69.7	0.80	1.52
1.28	46.5	70.2	0.83	1.55
1.33	47.2	70.1	0.80	1.52
1.38	47.7	68.6	0.77	1.47
1.43	47.4	70.5	0.80	1.52
1.48	47.8	71.9	0.80	1.54
1.53	48.7	70.5	0.76	1.48
1.58	48.6	70.5	0.76	1.49
1.63	48.8	70.9	0.76	1.49
1.68	48.7	72.1	0.78	1.52
1.73	49.5	70.0	0.73	1.45
1.78	51.0	74.2	0.73	1.49
1.83	53.0	72.6	0.66	1.40
1.88	55.7	77.0	0.63	1.42
1.93	56.9	77.0	0.60	1.39
1.98	60.3	76.6	0.52	1.30
2.03	59.0	76.8	0.55	1.33
2.08	56.4	75.3	0.60	1.37
2.13	55.0	77.6	0.65	1.44
2.18	52.3	72.4	0.68	1.42
2.23	52.8	74.1	0.68	1.44
2.28	54.0	73.2	0.64	1.39
2.33	52.5	72.4	0.67	1.41
2.38	48.8	72.0	0.78	1.51
2.43	47.7	70.3	0.79	1.51
2.48	46.6	69.7	0.82	1.53
2.53	47.6	70.1	0.79	1.51
2.58	47.9	69.8	0.78	1.49
2.63	48.2	68.4	0.76	1.46
2.68	48.6	71.4	0.77	1.50
2.73	50.5	74.7	0.75	1.52
2.78	54.0	72.8	0.63	1.38
2.83	56.3	77.1	0.61	1.40
2.88	55.9	74.8	0.61	1.37
2.93	50.1	71.1	0.73	1.46
2.98	46.2	66.6	0.80	1.48
3.03	47.6	69.6	0.79	1.50
3.08	50.0	70.4	0.72	1.44
3.13	52.2	73.1	0.69	1.44
3.18	51.1	71.0	0.70	1.42
3.23	52.3	71.7	0.67	1.40
3.28	51.6	71.8	0.69	1.43
3.33	52.6	73.4	0.68	1.43
3.38	53.2	73.5	0.66	1.42
3.43	50.4	71.0	0.71	1.44
3.48	50.0	69.5	0.71	1.42
3.53	47.3	69.3	0.79	1.50
3.58	49.6	71.6	0.75	1.48
3.63	47.7	71.5	0.80	1.54
3.68	48.1	69.1	0.76	1.47
3.73	50.3	72.1	0.73	1.47
3.78	53.4	74.2	0.66	1.43
3.83	54.5	75.1	0.64	1.41
3.88	52.9	73.0	0.67	1.41
3.93	52.8	72.4	0.66	1.41
3.98	53.0	73.1	0.67	1.42
4.03	55.5	75.3	0.62	1.39
4.08	54.4	76.6	0.66	1.44
4.13	54.4	75.9	0.65	1.43
4.18	50.1	70.7	0.72	1.45
4.23	45.0	67.1	0.84	1.53
4.28	43.4	67.2	0.90	1.59
4.33	44.3	68.5	0.88	1.59
4.38	46.1	67.2	0.81	1.50
4.43	48.1	70.3	0.78	1.50
4.48	49.5	71.4	0.75	1.48
4.53	46.4	68.8	0.82	1.52
4.58	45.0	67.1	0.84	1.53
4.63	45.5	66.9	0.82	1.51
4.68	47.1	68.8	0.79	1.50
4.73	48.9	69.7	0.74	1.46
4.78	47.8	70.8	0.79	1.52
4.83	49.7	71.9	0.75	1.48
4.88	56.3	76.1	0.61	1.39
4.93	55.6	75.4	0.62	1.39
4.98	47.9	70.8	0.79	1.51
5.03	44.8	68.0	0.86	1.56
5.08	43.6	66.7	0.88	1.57
5.13	43.9	68.3	0.89	1.60
5.18	43.8	66.8	0.88	1.56
5.23	42.6	68.0	0.94	1.64
5.28	42.9	67.0	0.91	1.60
5.33	41.3	61.4	0.89	1.52
5.38	41.9	66.2	0.94	1.62
5.43	42.3	64.7	0.90	1.57
5.48	42.4	65.9	0.92	1.59
5.53	42.7	66.3	0.91	1.59
5.58	44.8	69.4	0.88	1.59
5.63	43.6	66.7	0.89	1.57
5.68	45.7	69.0	0.84	1.55
5.73	50.0	72.9	0.75	1.50
5.78	61.7	74.5	0.48	1.24
5.83	60.5	73.2	0.49	1.24
5.88	60.8	77.5	0.51	1.31
5.93	61.0	77.6	0.51	1.30
5.98	63.9	76.9	0.45	1.24
6.03	57.5	76.7	0.58	1.37
6.08	55.1	73.8	0.62	1.37
6.13	55.7	75.6	0.62	1.39
6.18	55.9	76.0	0.62	1.40
6.23	56.7	76.4	0.60	1.38
6.28	52.7	72.8	0.67	1.42
6.33	51.1	72.4	0.71	1.45
6.38	50.4	70.4	0.71	1.43
6.43	50.7	72.0	0.72	1.46
6.48	50.3	72.5	0.73	1.48
6.53	47.8	70.4	0.79	1.51
6.58	44.6	67.6	0.86	1.55
6.63	45.5	67.2	0.82	1.51
6.68	46.3	69.5	0.83	1.54
6.73	46.8	67.5	0.79	1.48
6.78	47.3	70.0	0.80	1.52
6.83	46.7	68.2	0.80	1.50
6.88	46.3	66.8	0.80	1.48
6.93	47.5	69.4	0.79	1.50
6.98	48.5	72.3	0.79	1.53
7.03	51.7	71.5	0.69	1.42
7.08	53.5	75.5	0.67	1.45
7.13	55.8	75.8	0.62	1.39
7.18	56.8	77.6	0.61	1.40
7.23	56.5	76.2	0.60	1.38
7.28	55.0	73.7	0.62	1.37
7.33	53.9	73.8	0.65	1.40
7.38	48.7	71.0	0.77	1.50
7.43	43.9	66.4	0.87	1.55
7.48	44.0	67.0	0.87	1.56
7.53	45.8	67.4	0.82	1.51
7.58	47.3	69.6	0.80	1.51
7.63	47.8	71.2	0.80	1.52
7.68	44.6	67.0	0.85	1.54
7.73	43.7	67.8	0.90	1.59
7.78	44.2	66.3	0.86	1.54
7.83	45.0	67.9	0.85	1.55
7.88	48.5	69.5	0.76	1.47
7.93	52.4	72.6	0.67	1.42
7.98	52.1	72.7	0.68	1.43
8.03	54.9	74.3	0.63	1.39
8.08	55.6	76.6	0.63	1.41
8.13	54.9	75.1	0.63	1.40
8.18	52.6	73.4	0.68	1.43
8.23	47.4	70.2	0.80	1.52
8.28	46.4	69.1	0.82	1.53
8.33	46.1	68.9	0.83	1.53
8.38	48.2	68.3	0.75	1.45
8.43	50.0	72.0	0.74	1.48
8.48	50.8	73.3	0.73	1.48
8.53	50.7	72.5	0.72	1.47
8.58	51.7	71.9	0.69	1.43
8.63	50.1	71.1	0.72	1.45
8.68	51.4	72.3	0.70	1.44
8.73	54.2	73.6	0.64	1.39
8.78	54.5	74.8	0.64	1.41
8.83	54.4	73.5	0.63	1.39
8.88	53.5	74.4	0.66	1.42
8.93	46.3	68.6	0.82	1.52
8.98	44.3	67.5	0.87	1.56
9.03	44.7	67.2	0.85	1.54
9.08	44.9	68.1	0.86	1.55
9.13	46.7	67.4	0.79	1.48
9.18	48.7	70.9	0.76	1.49
9.23	49.5	72.4	0.76	1.50
9.28	43.6	66.3	0.88	1.56
9.33	43.5	66.5	0.89	1.57
9.38	44.9	67.4	0.85	1.54
9.43	44.5	67.5	0.86	1.55
9.48	46.5	69.6	0.82	1.53
9.53	49.6	72.4	0.75	1.50
9.58	52.1	74.2	0.70	1.46
9.63	54.1	73.7	0.64	1.40
9.68	54.4	74.1	0.64	1.40
9.73	54.9	72.9	0.61	1.36
9.78	53.6	73.0	0.65	1.40
9.83	50.4	73.4	0.74	1.49
9.88	43.2	66.3	0.90	1.58
9.93	44.6	67.8	0.86	1.56
9.98	46.3	69.6	0.83	1.54
10.03	45.7	69.5	0.85	1.56
10.08	46.1	69.4	0.83	1.54
10.13	47.8	68.5	0.77	1.47
10.18	48.0	69.5	0.77	1.48
10.23	40.8	63.7	0.95	1.60
10.28	42.2	65.7	0.92	1.60
10.33	43.1	63.6	0.86	1.51
10.38	45.5	67.3	0.83	1.52
10.43	45.7	68.1	0.83	1.53
10.48	45.5	68.7	0.84	1.55
10.53	42.2	65.2	0.92	1.59
10.58	40.5	65.6	0.99	1.66
10.63	40.0	64.0	0.99	1.64
10.68	40.6	63.9	0.96	1.61
